nr
2017_01_07T01_23_54_424Z	221.56	22	0
2017_01_07T01_29_17_774Z	221.57	22	0
2017_01_07T01_31_17_341Z	71.28	1	62017_01_07T01_32_02_797Z	71.29	1	6	2017_01_07T01_39_04_391Z	70.00	1	6	input2
2017_01_07T01_40_22_541Z	70.00	7	0	input2
2017_01_07T01_42_11_666Z	70.00	7	0	input2
2017_01_07T01_42_48_889Z	70.00	7	0	input2
2017_01_07T01_43_31_214Z	70.00	7	0	input2
2017_01_07T01_44_18_120Z	70.00	7	0	input2
2017_01_07T01_45_36_322Z	70.00	7	0	input2
2017_01_07T01_47_12_816Z	70.00	7	0	input2
2017_01_07T01_48_16_187Z	71.26	7	0	input2
2017_01_07T01_49_10_071Z	71.38	7	0	input2
2017_01_07T01_49_50_706Z	71.35	7	0	input2
2017_01_07T01_50_17_354Z	71.31	7	0	input2
2017_01_07T01_51_00_603Z	221.58	22	0	input
2017_01_07T01_51_46_295Z	221.57	22	0	input
2017_01_07T01_53_31_005Z	22	1.52	22	0	input
2017_01_07T01_54_17_915Z	22	1.52	22	0	input
2017_01_07T01_57_17_382Z	23	2.29	22	1	input
input	 277.00	 959.00	 598.00	1922.00	2090.00	1883.00	 898.00	2388.00	4579.00	 584.00	 600.00	 904.00	1921.00	4066.00	4386.00	1154.00	 957.00	 997.00	 609.00	 251.00	1334.00	 895.00	8574.00
input	 270.00	 700.00	 540.00	2578.00	2203.00	1869.00	 861.00	2329.00	4497.00	 568.00	 598.00	 893.00	1864.00	4124.00	4425.00	1613.00	1171.00	 998.00	 614.00	 251.00	1373.00	 893.00	9576.00
input	 267.00	 691.00	 533.00	1912.00	2144.00	1854.00	 855.00	2221.00	4456.00	 584.00	 600.00	 888.00	1876.00	4275.00	4311.00	1423.00	1312.00	1003.00	 615.00	 251.00	1576.00	 902.00	0188.00
input	 267.00	 706.00	 542.00	1930.00	2508.00	1860.00	 864.00	2213.00	4481.00	 569.00	 605.00	 905.00	2089.00	4050.00	4194.00	1268.00	1130.00	1007.00	 646.00	 250.00	1598.00	 869.00	0052.00
input	 265.00	 693.00	 532.00	1977.00	2134.00	1807.00	 858.00	2203.00	4868.00	 645.00	 609.00	 923.00	1889.00	4104.00	4403.00	1282.00	1142.00	 999.00	 613.00	 251.00	1368.00	 887.00	9575.00
input	    266	    695	    533	   1946	   2112	   1831	    852	   2207	   4841	    563	    593	    886	   2079	   4054	   4209	   1271	   1145	    995	    649	    251	   1581	    871	  19109
input	    266	    692	    532	   1929	   2097	   1846	    859	   2226	   4556	    566	    603	   1098	   2078	   4581	   4257	   1281	   1154	   1003	    616	    252	   1605	    891	  19693
input	    266	    699	    550	   2040	   2138	   1819	    852	   2207	   4487	    559	    624	   1081	   1866	   4086	   4018	   1072	    939	   1191	    607	    251	   1565	    905	  18348
input	    267	    717	    532	   1972	   2128	   2046	    854	   2197	   4784	    565	    598	    888	   1882	   4123	   4277	   1172	    951	    994	    616	    252	   1343	    910	  18368
input	    272	    701	    528	   1885	   2060	   1823	    845	   2187	   4389	    562	    596	    944	   1974	   3939	   3930	   1054	    926	   1013	    641	    253	   1500	    857	  18522
input	    278	    690	    524	   1906	   2113	   1847	    851	   2201	   4429	    569	    598	    922	   2024	   4026	   3975	   1055	    938	    987	    604	    263	   1534	    895	  18180
input	    265	    686	    529	   1924	   2081	   1838	    861	   2219	   4514	    567	    597	    967	   2046	   4109	   4029	   1065	    940	   1001	    622	    251	   1498	    902	  18428
input	    266	    699	    532	   2239	   2499	   1824	    853	   2200	   4478	    568	    598	    884	   1864	   4587	   4136	   1068	    928	   1003	    615	    251	   1544	    885	  18475
input	    277	    692	    543	   1896	   2070	   1827	    871	   2203	   5084	    567	    598	    902	   2058	   4027	   3984	   1061	    941	   1164	    736	    261	   1566	    898	  18231
input	    266	    698	    544	   3786	   5549	   1862	    889	  12716	   4412	    575	    600	    896	   1869	   4286	   3927	   1075	    944	    997	    614	    255	   1307	    906	  18992
input_r	    404	    389	    697	    678	   1972	   2285	    618	   7884	   7966	  18621	   9170
input_r	    399	    398	    674	    672	   1963	   1852	   7684	   7672	   2358	    683	  18760	   7753
input_r	    398	    397	    715	    674	   2062	   1842	   7826	   7849	   2370	    681	  19920	   8720
input_r	    395	    387	    669	    656	   1879	   1824	   7556	   7626	   2264	    643	  19782	   8380
input_r	    395	    387	    667	    681	   1926	   2007	   8187	   7719	   2269	    647	  19524	   8914
input_r	    400	    402	    667	    672	   1871	   2059	   7971	   7570	   2249	    625	  19237	   9118
input_r	    406	    392	    685	    687	   1946	   1904	   7832	   7896	   2349	    643	  19419	   9033
input_r	    401	    394	    688	    680	   1959	   1897	   7884	   7928	   2325	    635	  20095	   9021
input	    328	    727	    265	    987	   1559	    979	    597	   1544	   3520	    302	    340	    634	   1776	   3254	   3484	    968	    945	    724	    479	    251	    672	    501	  16243
input	    331	    734	    264	   1007	   1651	    995	    614	   1540	   3728	    302	    337	    643	   1675	   3257	   3339	    989	    977	    806	    478	    252	    904	    495	  16082
input_r	    341	    253	    479	    448	   1021	    996	   6358	   6309	   1635	    498	  16430	   8225
input_r	    329	    253	    485	    456	   1031	   1037	   6409	   6120	   1567	    500	  16233	   8207
input_r	    333	    253	    511	    458	   1085	   1046	   6286	   6120	   1638	    526	  16320	   8377
input_r	    326	    252	    486	    455	    959	    847	   3893	   4194	    442	    432	    434	    437
input_r	    339	    252	    484	    453	   1042	    977	   6753	  11658	   1822	    552	  17767	   9528
input	    316	    649	    270	    938	   1488	    853	    599	    959	   3190	    301	    338	    568	   1494	   3045	   3107	    961	    951	    663	    479	    251	    856	    483	  21821
input	    330	    781	    265	    630	    877	    540	    379	    562	   1804	    285	    285	    379	    900	   1789	   1231	    337	    332	    431	    338	    263	    554	    626	  10732
input	    332	    907	    261	    537	    896	    622	    416	    686	   1918	    285	    297	    390	    909	   1826	   1259	    329	    337	    431	    332	    253	    529	    617	  11036
input	    265	    703	    280	   1084	   1603	   1066	    780	   1341	   3559	    302	    336	    632	   1633	   3295	   3559	    970	    961	    768	    499	    251	    665	    500	  15792
input	    265	    706	    274	   1090	   1570	   1004	    767	   1313	   3443	    299	    331	    610	   1603	   3162	   3208	    947	    951	    736	    516	    269	    825	    710	  15749
input	    348	    736	    263	    638	    861	    537	    370	    563	   1796	    284	    301	    378	    899	   1997	   1231	    331	    339	    415	    316	    269	    532	    617	  10664
input	    323	    860	    261	    540	    927	    559	    365	    548	   1816	    279	    284	    370	    902	   1840	   1243	    326	    327	    419	    315	    251	    551	    508	  11315
input	    330	    975	    262	    528	    897	    566	    385	    546	   1919	    285	    286	    378	    889	   1805	   1226	    333	    323	    419	    316	    251	    573	    515	  10846
input	    327	    852	    269	    537	    866	    548	    368	    585	   1842	    285	    297	    379	    926	   1821	   1214	    332	    331	    426	    316	    262	    542	    501	  10830
input	    316	    269	    279	    653	    872	    533	    369	    570	   1833	    301	    300	    378	    893	   2003	   1219	    332	    337	    416	    316	    254	    532	    501	  10893
input	    321	    269	    278	    624	    901	    647	    385	    570	   1818	    285	    285	    366	    890	   1947	   1234	    331	    331	    430	    317	    253	    527	    485	  10925
input_r	    322	    269	    316	    316	    530	    532	   2373	   2369	    895	    332	  11119	   8121
